0.0009928825 -0.0075804777 0.018580385
-0.0019535962 0.0019204365 0.006911088
-0.018412065 -0.0076068407 -0.0030741384
-0.0014905528 -0.016062481 0.015339136
-0.0073892674 -0.0071844785 0.02587115
0.01353118 0.00042013498 -0.013332375
0.011038535 0.007174615 -0.020221721
-0.004248006 0.0053944606 -0.006507694
-0.0065532792 0.006218729 0.0042530936
0.0005801674 -0.0065055876 0.01005338
-0.00033356762 0.011676751 0.00011403533
0.0065448955 -0.0027870038 -0.011905206
-0.010013746 -0.0040782453 0.0019947223
0.0019223391 0.019382112 -0.0133112
0.002903894 -0.00929897 0.0026117014
0.02446435 0.014718866 -0.009554176
0.020928945 0.010899196 -0.005383975
-0.008545071 -0.012002047 0.00096936733
0.003877335 0.005200425 -0.016617652
-0.007258445 0.0034154505 -0.0011786576
0.00062596466 0.0066830353 0.0055168206
-0.011306363 -0.0048588943 -0.006493531
0.00862743 -0.0055541154 0.004143438
0.00030897022 -0.00010547263 0.013426783
-0.0029773195 -0.0057158917 -0.010082853
-0.0090137515 0.0014457623 -0.0053219446
0.014312414 0.00028511556 -0.0019863597
0.0012252419 0.013547398 -0.01182992
0.0031514247 -0.0031064767 0.008242
0.011086061 -0.003376707 -0.0065655857
-0.0018317093 -0.012698753 0.008159033
0.015251694 0.0078299185 0.000732427
-0.008680804 -0.014162891 -0.009450981
-0.016710427 -0.0036476492 0.014227864
-0.009832893 -0.0178051 0.019785255
-0.015193816 -0.0007392502 0.006024507
-0.0027158605 0.010587801 -0.0087239845
0.0026665872 -0.013373365 0.005009804
-0.019970216 -0.011739209 0.0077387253
-0.00896393 0.0015335556 0.0056372257
-0.0022408718 0.002543374 -0.0029646559
-0.009560265 0.0019873923 0.015180928
0.013098214 0.0041021924 -0.006756843
0.018952541 0.024078317 -0.009081911
0.012053925 0.01801155 -0.00016215793
0.0058796206 0.014075854 -0.0074264347
0.007139296 0.021065783 -0.01703868
0.0030753936 0.0018029078 -0.008079554
-0.01502093 -0.012886653 0.009206693
-0.0018063693 0.0040533566 -0.012405551
0.0065537645 -0.0020335782 -0.0018342783
-0.007876279 -0.005084441 0.0147422645
0.020044412 0.0045192894 -0.010352639
0.003858388 0.01702289 -0.0011656225
0.0066631497 0.022463374 -0.007638189
-0.015236277 -0.01825 -0.0039940057
0.005867889 -0.0090743145 -0.0034740046
-0.004681805 -0.018824486 0.003868226
0.007385425 0.008569469 0.0051795393
0.0010089566 -0.0067159915 -0.0058127306
-0.010213814 -0.02232299 0.0077190553
-0.00084629894 -0.012756074 -0.004136538
0.009982765 0.0008349666 0.00452179
0.018392995 0.009448817 -0.019148912
