-0.0034149312 -0.013683731 0.0124357045
-0.003833949 0.010495009 -0.0049228547
-0.005237792 0.010920778 -0.0148388045
-0.0018750533 -0.011923405 0.020382592
-0.01095246 -0.014897705 0.02815533
0.008265985 0.0028405231 -0.013632274
-5.695928e-05 -0.0011218463 -0.007103397
0.0008507585 0.019607585 -0.0152787035
-0.009302001 0.0007438003 0.010513302
-0.013095462 -0.01314569 0.011981916
0.0025467896 0.009188779 -0.009420938
0.0053910874 -0.0067830067 -0.0076539787
-0.012216833 -0.006623414 0.009127108
0.0010859757 0.004317102 -0.012921969
-0.002257626 0.0039044581 0.008981145
0.0009802263 -0.001438739 0.0006264564
0.013587345 0.0036636742 -0.019434264
0.0003004372 0.00509174 -0.0036748718
0.0052605923 0.00026417593 -0.0108086625
0.00049219653 0.0016998891 -0.0030341162
-0.003354745 0.00015677325 0.016173707
-0.003962761 0.002619076 -0.009136846
0.005019797 0.00082042767 -0.0055407803
0.002350965 -0.00077265606 0.01123235
0.0036631993 -0.0008319756 -0.020813882
-0.0034166987 -0.004371561 0.008980162
0.007122067 -0.0012671612 -0.0011439703
0.0072689615 0.0052302224 -0.0075015556
-0.006793984 -0.006965077 0.013032687
0.011064057 -0.006481883 -0.0153355915
0.0009514799 -0.006250773 0.01596246
0.004318252 0.0028207605 0.0052599725
-6.0834922e-05 -0.0045264466 -0.013974359
-0.012921905 -0.0032115977 0.016449602
-0.009382698 -0.01744341 0.018903797
-0.0070185987 0.003040061 0.0024572616
0.0052795326 0.009592561 -0.02283575
0.0020090954 -0.008276396 0.00751766
-0.0085867755 -0.0049980697 0.004088164
-0.004892876 -0.003222303 0.022089977
-0.009313958 -0.009357557 0.017882397
-0.016422328 -0.009772849 0.020326797
0.0016265556 0.0051620025 -0.008313
0.005321461 0.009846332 -0.015102651
0.0018813182 0.017333228 -0.006928565
0.011282581 0.015391637 -0.015946891
0.009999126 0.009251221 -0.010206191
-0.005039554 -0.0017949278 0.0015575468
0.006192934 0.0046053934 0.00045871246
-0.0043428047 -0.0028895265 -0.0049403966
0.0010731795 -0.003643907 -0.0030895746
-0.0064762826 -0.008607675 0.0267894
0.0031710016 0.0027080579 0.00052590715
-0.0004659582 0.008058068 0.0022793575
0.004381488 0.009550064 -0.002817845
-0.0051785056 0.0042690523 -0.0026412318
0.005465505 -0.0040572607 0.002757724
-0.0059387856 -0.010914799 0.0063564545
-0.0018769649 0.0035400698 0.0026828893
0.0031571588 0.002212022 -0.0030022326
-0.0010450808 -0.007609847 -0.00012820595
8.9986715e-05 -0.0022295478 0.005493633
-0.0014008946 0.00039512443 -0.0005503413
0.010418484 0.00031419005 -0.0058086785
